((("alert" .
   [1 0 0 0 0])
  ("loop" .
   [1 0 0 0])
  ("END" .
   [1 0 0])
  ("Get" .
   [1 0 0])
  ("EMPTY" .
   [1 0 0 0 0])
  ("aData" .
   [5 0 0 1 2])
  ("AADD" .
   [4 0 0 0])
  ("LEN" .
   [1 0 0])
  ("FOR" .
   [1 0 0])
  ("//bin/" .
   [0 0 1 0 0 0])
  ("+=" .
   [4 0])
  ("ArrPut" .
   [0 0 0 1 0 0])
  ("oSub" .
   [2 0 0 0])
  ("Clear" .
   [1 0 0 0 0])
  ("NEXT" .
   [2 0 0 0])
  ("=1" .
   [1 0])
  ("nI" .
   [10 0])
  ("for" .
   [1 0 0])
  ("FIELD->TB1_F5" .
   [1 0 0 0 0 0 0 0 0 0 0 0 0])
  ("FIELD->TB1_F4" .
   [1 0 0 0 0 0 0 0 0 0 0 0 0])
  ("FIELD->TB1_F3" .
   [1 0 0 0 0 0 0 0 0 0 0 0 0])
  ("FIELD->TB1_F8" .
   [1 0 1 0 0 0 0 0 0 0 0 0 0])
  ("FIELD->TB1_F7" .
   [1 0 0 1 0 0 0 0 0 0 0 0 0])
  ("LOCAL" .
   [3 0 0 0 0])
  ("FIELD->STRCODE_K" .
   [0 0 0 0 0 1 0 0 1 0 0 0 0 0 0 0])
  ("d_skip" .
   [0 0 1 0 0 0])
  ("ENDDO" .
   [0 0 0 1 0])
  ("ALLTRIM" .
   [2 0 0 1 0 0 0])
  ("FIELD->KEYFIELD" .
   [0 0 0 0 0 0 0 0 1 1 0 0 0 0 0])
  ("FIELD->TB1_F9" .
   [0 0 2 0 0 0 0 0 1 0 0 0 0])
  ("cKey" .
   [7 0 0 0])
  ("cTemp" .
   [5 0 0 0 0])
  ("RETURN" .
   [1 0 0 0 0 0])
  ("ENDIF" .
   [3 0 0 1 1])
  ("IF" .
   [4 0])
  ("aTemp" .
   [10 0 1 0 0])
  ("True" .
   [1 0 0 0])
  ("False" .
   [1 0 0 0 0])
  ("hello" .
   [1 0 0 0 0])
  ("require" .
   [0 0 0 0 1 0 0])
  ("auto-complete" .
   [0 0 0 0 0 0 0 1 0 0 0 0 0])
  ("def" .
   [1 0 0])))
